ativado disparo state_flag
0         0       000
0         0       000
0         0       001
0         0       001
0         0       000
0         0       001
0         0       001
1         0       010
1         0       010
1         0       011
1         0       011
1         0       010
1         1       100
1         1       100
1         1       101
1         1       101
1         1       100
1         1       100
1         1       101
0         0       000
0         0       001
1         0       010
1         0       011
0         0       000
